Init For Lego Auto:

1001001001001001
0110110110110110
1001001001001001
0110110110110110
1001001001001001
0110110110110110
1001001001001001
0110110110110110

Init For Ziplock Auto:

0011
0111
1011
1111
0011
0111
1011
1111
0011
0111
1011
1111
0011
0111
1011
1111
0011
0111
1011
1111
0011
0111
1011
1111
0011
0111
1011
1111
0011
0111
1011
1111
0011
0111
1011
1111
0011
0111
1011
1111
0011
0111
1011
1111
0011
0111
1011
1111
0011
0111
1011
1111
0011
0111
1011
1111
0011
0111
1011
1111
0011
0111
1011
1111

Init For Spiral Ascending:

0000000011111111
0001100011100111
0010010011011011
0011110011000011
0100001010111101
0101101010100101
0110011010011001
0111111010000001
1000000101111110
1001100101100110
1010010101011010
1011110101000010
1100001100111100
1101101100100100
1110011100011000
1111111100000000
0000000011111111
0001100011100111
0010010011011011
0011110011000011
0100001010111101
0101101010100101
0110011010011001
0111111010000001
1000000101111110
1001100101100110
1010010101011010
1011110101000010
1100001100111100
1101101100100100
1110011100011000
1111111100000000
0000000011111111
0001100011100111
0010010011011011
0011110011000011
0100001010111101
0101101010100101
0110011010011001
0111111010000001
1000000101111110
1001100101100110
1010010101011010
1011110101000010
1100001100111100
1101101100100100
1110011100011000
1111111100000000
0000000011111111
0001100011100111
0010010011011011
0011110011000011
0100001010111101
0101101010100101
0110011010011001
0111111010000001
1000000101111110
1001100101100110
1010010101011010
1011110101000010
1100001100111100
1101101100100100
1110011100011000
1111111100000000
0000000011111111
0001100011100111
0010010011011011
0011110011000011
0100001010111101
0101101010100101
0110011010011001
0111111010000001
1000000101111110
1001100101100110
1010010101011010
1011110101000010
1100001100111100
1101101100100100
1110011100011000
1111111100000000
0000000011111111
0001100011100111
0010010011011011
0011110011000011
0100001010111101
0101101010100101
0110011010011001
0111111010000001
1000000101111110
1001100101100110
1010010101011010
1011110101000010
1100001100111100
1101101100100100
1110011100011000
1111111100000000
0000000011111111
0001100011100111
0010010011011011
0011110011000011
0100001010111101
0101101010100101
0110011010011001
0111111010000001
1000000101111110
1001100101100110
1010010101011010
1011110101000010
1100001100111100
1101101100100100
1110011100011000
1111111100000000
0000000011111111
0001100011100111
0010010011011011
0011110011000011
0100001010111101
0101101010100101
0110011010011001
0111111010000001
1000000101111110
1001100101100110
1010010101011010
1011110101000010
1100001100111100
1101101100100100
1110011100011000
1111111100000000
0000000011111111
0001100011100111
0010010011011011
0011110011000011
0100001010111101
0101101010100101
0110011010011001
0111111010000001
1000000101111110
1001100101100110
1010010101011010
1011110101000010
1100001100111100
1101101100100100
1110011100011000
1111111100000000
0000000011111111
0001100011100111
0010010011011011
0011110011000011
0100001010111101
0101101010100101
0110011010011001
0111111010000001
1000000101111110
1001100101100110
1010010101011010
1011110101000010
1100001100111100
1101101100100100
1110011100011000
1111111100000000
0000000011111111
0001100011100111
0010010011011011
0011110011000011
0100001010111101
0101101010100101
0110011010011001
0111111010000001
1000000101111110
1001100101100110
1010010101011010
1011110101000010
1100001100111100
1101101100100100
1110011100011000
1111111100000000
0000000011111111
0001100011100111
0010010011011011
0011110011000011
0100001010111101
0101101010100101
0110011010011001
0111111010000001
1000000101111110
1001100101100110
1010010101011010
1011110101000010
1100001100111100
1101101100100100
1110011100011000
1111111100000000
0000000011111111
0001100011100111
0010010011011011
0011110011000011
0100001010111101
0101101010100101
0110011010011001
0111111010000001
1000000101111110
1001100101100110
1010010101011010
1011110101000010
1100001100111100
1101101100100100
1110011100011000
1111111100000000
0000000011111111
0001100011100111
0010010011011011
0011110011000011
0100001010111101
0101101010100101
0110011010011001
0111111010000001
1000000101111110
1001100101100110
1010010101011010
1011110101000010
1100001100111100
1101101100100100
1110011100011000
1111111100000000
0000000011111111
0001100011100111
0010010011011011
0011110011000011
0100001010111101
0101101010100101
0110011010011001
0111111010000001
1000000101111110
1001100101100110
1010010101011010
1011110101000010
1100001100111100
1101101100100100
1110011100011000
1111111100000000
0000000011111111
0001100011100111
0010010011011011
0011110011000011
0100001010111101
0101101010100101
0110011010011001
0111111010000001
1000000101111110
1001100101100110
1010010101011010
1011110101000010
1100001100111100
1101101100100100
1110011100011000
1111111100000000

Init For Spiral Descending (Inverse):

1111111100000000
1110011100011000
1101101100100100
1100001100111100
1011110101000010
1010010101011010
1001100101100110
1000000101111110
0111111010000001
0110011010011001
0101101010100101
0100001010111101
0011110011000011
0010010011011011
0001100011100111
0000000011111111
1111111100000000
1110011100011000
1101101100100100
1100001100111100
1011110101000010
1010010101011010
1001100101100110
1000000101111110
0111111010000001
0110011010011001
0101101010100101
0100001010111101
0011110011000011
0010010011011011
0001100011100111
0000000011111111
1111111100000000
1110011100011000
1101101100100100
1100001100111100
1011110101000010
1010010101011010
1001100101100110
1000000101111110
0111111010000001
0110011010011001
0101101010100101
0100001010111101
0011110011000011
0010010011011011
0001100011100111
0000000011111111
1111111100000000
1110011100011000
1101101100100100
1100001100111100
1011110101000010
1010010101011010
1001100101100110
1000000101111110
0111111010000001
0110011010011001
0101101010100101
0100001010111101
0011110011000011
0010010011011011
0001100011100111
0000000011111111
1111111100000000
1110011100011000
1101101100100100
1100001100111100
1011110101000010
1010010101011010
1001100101100110
1000000101111110
0111111010000001
0110011010011001
0101101010100101
0100001010111101
0011110011000011
0010010011011011
0001100011100111
0000000011111111
1111111100000000
1110011100011000
1101101100100100
1100001100111100
1011110101000010
1010010101011010
1001100101100110
1000000101111110
0111111010000001
0110011010011001
0101101010100101
0100001010111101
0011110011000011
0010010011011011
0001100011100111
0000000011111111
1111111100000000
1110011100011000
1101101100100100
1100001100111100
1011110101000010
1010010101011010
1001100101100110
1000000101111110
0111111010000001
0110011010011001
0101101010100101
0100001010111101
0011110011000011
0010010011011011
0001100011100111
0000000011111111
1111111100000000
1110011100011000
1101101100100100
1100001100111100
1011110101000010
1010010101011010
1001100101100110
1000000101111110
0111111010000001
0110011010011001
0101101010100101
0100001010111101
0011110011000011
0010010011011011
0001100011100111
0000000011111111
1111111100000000
1110011100011000
1101101100100100
1100001100111100
1011110101000010
1010010101011010
1001100101100110
1000000101111110
0111111010000001
0110011010011001
0101101010100101
0100001010111101
0011110011000011
0010010011011011
0001100011100111
0000000011111111
1111111100000000
1110011100011000
1101101100100100
1100001100111100
1011110101000010
1010010101011010
1001100101100110
1000000101111110
0111111010000001
0110011010011001
0101101010100101
0100001010111101
0011110011000011
0010010011011011
0001100011100111
0000000011111111
1111111100000000
1110011100011000
1101101100100100
1100001100111100
1011110101000010
1010010101011010
1001100101100110
1000000101111110
0111111010000001
0110011010011001
0101101010100101
0100001010111101
0011110011000011
0010010011011011
0001100011100111
0000000011111111
1111111100000000
1110011100011000
1101101100100100
1100001100111100
1011110101000010
1010010101011010
1001100101100110
1000000101111110
0111111010000001
0110011010011001
0101101010100101
0100001010111101
0011110011000011
0010010011011011
0001100011100111
0000000011111111
1111111100000000
1110011100011000
1101101100100100
1100001100111100
1011110101000010
1010010101011010
1001100101100110
1000000101111110
0111111010000001
0110011010011001
0101101010100101
0100001010111101
0011110011000011
0010010011011011
0001100011100111
0000000011111111
1111111100000000
1110011100011000
1101101100100100
1100001100111100
1011110101000010
1010010101011010
1001100101100110
1000000101111110
0111111010000001
0110011010011001
0101101010100101
0100001010111101
0011110011000011
0010010011011011
0001100011100111
0000000011111111
1111111100000000
1110011100011000
1101101100100100
1100001100111100
1011110101000010
1010010101011010
1001100101100110
1000000101111110
0111111010000001
0110011010011001
0101101010100101
0100001010111101
0011110011000011
0010010011011011
0001100011100111
0000000011111111
1111111100000000
1110011100011000
1101101100100100
1100001100111100
1011110101000010
1010010101011010
1001100101100110
1000000101111110
0111111010000001
0110011010011001
0101101010100101
0100001010111101
0011110011000011
0010010011011011
0001100011100111
0000000011111111

Init For Vascular A:

0000111111110000111111110000111111110000111111110000111111110000
0001110010110001101010010001100001110001011011010001010000110001
0010100101110010010100110010000100010000000100010000000100010000
0011011000110011000000110011000000111011000010111011000010111011
0100001100010010000100010000000100010000000100010000000100010000
0101000001010101000001010101010101011101000011011101000011011101
0110001100110000001100110000001100110000101110110000101110110000
0111011000010101010000010011001000010001000000010001000000010001
0110010100010100001100010010000100010000000100010000000100010000
0011000000110011000000110011000000111011000010111011000010111011
0000010101010000010101010000010101010000110111010000110111010000
0011010000010011001000010001000000010001000000010001000000010001
0110001100110000001100110000001100110000101110110000101110110000
1001001001110101001000110001001000010001000000010001000000010001
1100000110111010000110011000000101110110000111010100000100110010
1111000011111111000011111111111111111111000011111111111111111111
0000111111110000111111110000111111110000111111110000111111110000
0001110010110001101010010001100001110001011011010001010000110001
0010100101110010010100110010000100010000000100010000000100010000
0011011000110011000000110011000000111011000010111011000010111011
0100001100010010000100010000000100010000000100010000000100010000
0101000001010101000001010101010101011101000011011101000011011101
0110001100110000001100110000001100110000101110110000101110110000
0111011000010101010000010011001000010001000000010001000000010001
0110010100010100001100010010000100010000000100010000000100010000
0011000000110011000000110011000000111011000010111011000010111011
0000010101010000010101010000010101010000110111010000110111010000
0011010000010011001000010001000000010001000000010001000000010001
0110001100110000001100110000001100110000101110110000101110110000
1001001001110101001000110001001000010001000000010001000000010001
1100000110111010000110011000000101110110000111010100000100110010
1111000011111111000011111111111111111111000011111111111111111111
0000111111110000111111110000111111110000111111110000111111110000
0001110010110001101010010001100001110001011011010001010000110001
0010100101110010010100110010000100010000000100010000000100010000
0011011000110011000000110011000000111011000010111011000010111011
0100001100010010000100010000000100010000000100010000000100010000
0101000001010101000001010101010101011101000011011101000011011101
0110001100110000001100110000001100110000101110110000101110110000
0111011000010101010000010011001000010001000000010001000000010001
0110010100010100001100010010000100010000000100010000000100010000
0011000000110011000000110011000000111011000010111011000010111011
0000010101010000010101010000010101010000110111010000110111010000
0011010000010011001000010001000000010001000000010001000000010001
0110001100110000001100110000001100110000101110110000101110110000
1001001001110101001000110001001000010001000000010001000000010001
1100000110111010000110011000000101110110000111010100000100110010
1111000011111111000011111111111111111111000011111111111111111111
0000111111110000111111110000111111110000111111110000111111110000
0001110010110001101010010001100001110001011011010001010000110001
0010100101110010010100110010000100010000000100010000000100010000
0011011000110011000000110011000000111011000010111011000010111011
0100001100010010000100010000000100010000000100010000000100010000
0101000001010101000001010101010101011101000011011101000011011101
0110001100110000001100110000001100110000101110110000101110110000
0111011000010101010000010011001000010001000000010001000000010001
0110010100010100001100010010000100010000000100010000000100010000
0011000000110011000000110011000000111011000010111011000010111011
0000010101010000010101010000010101010000110111010000110111010000
0011010000010011001000010001000000010001000000010001000000010001
0110001100110000001100110000001100110000101110110000101110110000
1001001001110101001000110001001000010001000000010001000000010001
1100000110111010000110011000000101110110000111010100000100110010
1111000011111111000011111111111111111111000011111111111111111111
0000111111110000111111110000111111110000111111110000111111110000
0001110010110001101010010001100001110001011011010001010000110001
0010100101110010010100110010000100010000000100010000000100010000
0011011000110011000000110011000000111011000010111011000010111011
0100001100010010000100010000000100010000000100010000000100010000
0101000001010101000001010101010101011101000011011101000011011101
0110001100110000001100110000001100110000101110110000101110110000
0111011000010101010000010011001000010001000000010001000000010001
0110010100010100001100010010000100010000000100010000000100010000
0011000000110011000000110011000000111011000010111011000010111011
0000010101010000010101010000010101010000110111010000110111010000
0011010000010011001000010001000000010001000000010001000000010001
0110001100110000001100110000001100110000101110110000101110110000
1001001001110101001000110001001000010001000000010001000000010001
1100000110111010000110011000000101110110000111010100000100110010
1111000011111111000011111111111111111111000011111111111111111111
0000111111110000111111110000111111110000111111110000111111110000
0001110010110001101010010001100001110001011011010001010000110001
0010100101110010010100110010000100010000000100010000000100010000
0011011000110011000000110011000000111011000010111011000010111011
0100001100010010000100010000000100010000000100010000000100010000
0101000001010101000001010101010101011101000011011101000011011101
0110001100110000001100110000001100110000101110110000101110110000
0111011000010101010000010011001000010001000000010001000000010001
0110010100010100001100010010000100010000000100010000000100010000
0011000000110011000000110011000000111011000010111011000010111011
0000010101010000010101010000010101010000110111010000110111010000
0011010000010011001000010001000000010001000000010001000000010001
0110001100110000001100110000001100110000101110110000101110110000
1001001001110101001000110001001000010001000000010001000000010001
1100000110111010000110011000000101110110000111010100000100110010
1111000011111111000011111111111111111111000011111111111111111111
0000111111110000111111110000111111110000111111110000111111110000
0001110010110001101010010001100001110001011011010001010000110001
0010100101110010010100110010000100010000000100010000000100010000
0011011000110011000000110011000000111011000010111011000010111011
0100001100010010000100010000000100010000000100010000000100010000
0101000001010101000001010101010101011101000011011101000011011101
0110001100110000001100110000001100110000101110110000101110110000
0111011000010101010000010011001000010001000000010001000000010001
0110010100010100001100010010000100010000000100010000000100010000
0011000000110011000000110011000000111011000010111011000010111011
0000010101010000010101010000010101010000110111010000110111010000
0011010000010011001000010001000000010001000000010001000000010001
0110001100110000001100110000001100110000101110110000101110110000
1001001001110101001000110001001000010001000000010001000000010001
1100000110111010000110011000000101110110000111010100000100110010
1111000011111111000011111111111111111111000011111111111111111111
0000111111110000111111110000111111110000111111110000111111110000
0001110010110001101010010001100001110001011011010001010000110001
0010100101110010010100110010000100010000000100010000000100010000
0011011000110011000000110011000000111011000010111011000010111011
0100001100010010000100010000000100010000000100010000000100010000
0101000001010101000001010101010101011101000011011101000011011101
0110001100110000001100110000001100110000101110110000101110110000
0111011000010101010000010011001000010001000000010001000000010001
0110010100010100001100010010000100010000000100010000000100010000
0011000000110011000000110011000000111011000010111011000010111011
0000010101010000010101010000010101010000110111010000110111010000
0011010000010011001000010001000000010001000000010001000000010001
0110001100110000001100110000001100110000101110110000101110110000
1001001001110101001000110001001000010001000000010001000000010001
1100000110111010000110011000000101110110000111010100000100110010
1111000011111111000011111111111111111111000011111111111111111111
0000111111110000111111110000111111110000111111110000111111110000
0001110010110001101010010001100001110001011011010001010000110001
0010100101110010010100110010000100010000000100010000000100010000
0011011000110011000000110011000000111011000010111011000010111011
0100001100010010000100010000000100010000000100010000000100010000
0101000001010101000001010101010101011101000011011101000011011101
0110001100110000001100110000001100110000101110110000101110110000
0111011000010101010000010011001000010001000000010001000000010001
0110010100010100001100010010000100010000000100010000000100010000
0011000000110011000000110011000000111011000010111011000010111011
0000010101010000010101010000010101010000110111010000110111010000
0011010000010011001000010001000000010001000000010001000000010001
0110001100110000001100110000001100110000101110110000101110110000
1001001001110101001000110001001000010001000000010001000000010001
1100000110111010000110011000000101110110000111010100000100110010
1111000011111111000011111111111111111111000011111111111111111111
0000111111110000111111110000111111110000111111110000111111110000
0001110010110001101010010001100001110001011011010001010000110001
0010100101110010010100110010000100010000000100010000000100010000
0011011000110011000000110011000000111011000010111011000010111011
0100001100010010000100010000000100010000000100010000000100010000
0101000001010101000001010101010101011101000011011101000011011101
0110001100110000001100110000001100110000101110110000101110110000
0111011000010101010000010011001000010001000000010001000000010001
0110010100010100001100010010000100010000000100010000000100010000
0011000000110011000000110011000000111011000010111011000010111011
0000010101010000010101010000010101010000110111010000110111010000
0011010000010011001000010001000000010001000000010001000000010001
0110001100110000001100110000001100110000101110110000101110110000
1001001001110101001000110001001000010001000000010001000000010001
1100000110111010000110011000000101110110000111010100000100110010
1111000011111111000011111111111111111111000011111111111111111111
0000111111110000111111110000111111110000111111110000111111110000
0001110010110001101010010001100001110001011011010001010000110001
0010100101110010010100110010000100010000000100010000000100010000
0011011000110011000000110011000000111011000010111011000010111011
0100001100010010000100010000000100010000000100010000000100010000
0101000001010101000001010101010101011101000011011101000011011101
0110001100110000001100110000001100110000101110110000101110110000
0111011000010101010000010011001000010001000000010001000000010001
0110010100010100001100010010000100010000000100010000000100010000
0011000000110011000000110011000000111011000010111011000010111011
0000010101010000010101010000010101010000110111010000110111010000
0011010000010011001000010001000000010001000000010001000000010001
0110001100110000001100110000001100110000101110110000101110110000
1001001001110101001000110001001000010001000000010001000000010001
1100000110111010000110011000000101110110000111010100000100110010
1111000011111111000011111111111111111111000011111111111111111111
0000111111110000111111110000111111110000111111110000111111110000
0001110010110001101010010001100001110001011011010001010000110001
0010100101110010010100110010000100010000000100010000000100010000
0011011000110011000000110011000000111011000010111011000010111011
0100001100010010000100010000000100010000000100010000000100010000
0101000001010101000001010101010101011101000011011101000011011101
0110001100110000001100110000001100110000101110110000101110110000
0111011000010101010000010011001000010001000000010001000000010001
0110010100010100001100010010000100010000000100010000000100010000
0011000000110011000000110011000000111011000010111011000010111011
0000010101010000010101010000010101010000110111010000110111010000
0011010000010011001000010001000000010001000000010001000000010001
0110001100110000001100110000001100110000101110110000101110110000
1001001001110101001000110001001000010001000000010001000000010001
1100000110111010000110011000000101110110000111010100000100110010
1111000011111111000011111111111111111111000011111111111111111111
0000111111110000111111110000111111110000111111110000111111110000
0001110010110001101010010001100001110001011011010001010000110001
0010100101110010010100110010000100010000000100010000000100010000
0011011000110011000000110011000000111011000010111011000010111011
0100001100010010000100010000000100010000000100010000000100010000
0101000001010101000001010101010101011101000011011101000011011101
0110001100110000001100110000001100110000101110110000101110110000
0111011000010101010000010011001000010001000000010001000000010001
0110010100010100001100010010000100010000000100010000000100010000
0011000000110011000000110011000000111011000010111011000010111011
0000010101010000010101010000010101010000110111010000110111010000
0011010000010011001000010001000000010001000000010001000000010001
0110001100110000001100110000001100110000101110110000101110110000
1001001001110101001000110001001000010001000000010001000000010001
1100000110111010000110011000000101110110000111010100000100110010
1111000011111111000011111111111111111111000011111111111111111111
0000111111110000111111110000111111110000111111110000111111110000
0001110010110001101010010001100001110001011011010001010000110001
0010100101110010010100110010000100010000000100010000000100010000
0011011000110011000000110011000000111011000010111011000010111011
0100001100010010000100010000000100010000000100010000000100010000
0101000001010101000001010101010101011101000011011101000011011101
0110001100110000001100110000001100110000101110110000101110110000
0111011000010101010000010011001000010001000000010001000000010001
0110010100010100001100010010000100010000000100010000000100010000
0011000000110011000000110011000000111011000010111011000010111011
0000010101010000010101010000010101010000110111010000110111010000
0011010000010011001000010001000000010001000000010001000000010001
0110001100110000001100110000001100110000101110110000101110110000
1001001001110101001000110001001000010001000000010001000000010001
1100000110111010000110011000000101110110000111010100000100110010
1111000011111111000011111111111111111111000011111111111111111111
0000111111110000111111110000111111110000111111110000111111110000
0001110010110001101010010001100001110001011011010001010000110001
0010100101110010010100110010000100010000000100010000000100010000
0011011000110011000000110011000000111011000010111011000010111011
0100001100010010000100010000000100010000000100010000000100010000
0101000001010101000001010101010101011101000011011101000011011101
0110001100110000001100110000001100110000101110110000101110110000
0111011000010101010000010011001000010001000000010001000000010001
0110010100010100001100010010000100010000000100010000000100010000
0011000000110011000000110011000000111011000010111011000010111011
0000010101010000010101010000010101010000110111010000110111010000
0011010000010011001000010001000000010001000000010001000000010001
0110001100110000001100110000001100110000101110110000101110110000
1001001001110101001000110001001000010001000000010001000000010001
1100000110111010000110011000000101110110000111010100000100110010
1111000011111111000011111111111111111111000011111111111111111111
0000111111110000111111110000111111110000111111110000111111110000
0001110010110001101010010001100001110001011011010001010000110001
0010100101110010010100110010000100010000000100010000000100010000
0011011000110011000000110011000000111011000010111011000010111011
0100001100010010000100010000000100010000000100010000000100010000
0101000001010101000001010101010101011101000011011101000011011101
0110001100110000001100110000001100110000101110110000101110110000
0111011000010101010000010011001000010001000000010001000000010001
0110010100010100001100010010000100010000000100010000000100010000
0011000000110011000000110011000000111011000010111011000010111011
0000010101010000010101010000010101010000110111010000110111010000
0011010000010011001000010001000000010001000000010001000000010001
0110001100110000001100110000001100110000101110110000101110110000
1001001001110101001000110001001000010001000000010001000000010001
1100000110111010000110011000000101110110000111010100000100110010
1111000011111111000011111111111111111111000011111111111111111111

Init For Beanstalk Auto 1:

1111000011111111000011111111000011111111000011111111000011111111
0001011001010001010000110001001000010001000000010001000000010001
0111010000110001001000010001000000010001000000010001000000010001
1001011000110011000000110011000000110011000000110011000000110011
1011001010010111001001010011001000010001000000010001000000010001
0101000001010101000001010101000001010101000001010101000001010101
0011011000110011000000110011000000110011000000110011000000110011
1101110000011011101000011001100000010111011000010101010000010011
1101000111001011000110101001000110000111000101100101000101000011
0011001100000011001100000011001100000011001100000011001100000011
0101010100000101010100000101010100000101010100000101010100000101
1011100100100111010100100011000100100001000100000001000100000001
1001001101100011001100000011001100000011001100000011001100000011
0111001101000001001100100001000100000001000100000001000100000001
0001011101100001010101000001001100100001000100000001000100000001
1111111100001111111100001111111100001111111100001111111100001111
1111000011111111000011111111000011111111000011111111000011111111
0001011001010001010000110001001000010001000000010001000000010001
0111010000110001001000010001000000010001000000010001000000010001
1001011000110011000000110011000000110011000000110011000000110011
1011001010010111001001010011001000010001000000010001000000010001
0101000001010101000001010101000001010101000001010101000001010101
0011011000110011000000110011000000110011000000110011000000110011
1101110000011011101000011001100000010111011000010101010000010011
1101000111001011000110101001000110000111000101100101000101000011
0011001100000011001100000011001100000011001100000011001100000011
0101010100000101010100000101010100000101010100000101010100000101
1011100100100111010100100011000100100001000100000001000100000001
1001001101100011001100000011001100000011001100000011001100000011
0111001101000001001100100001000100000001000100000001000100000001
0001011101100001010101000001001100100001000100000001000100000001
1111111100001111111100001111111100001111111100001111111100001111
1111000011111111000011111111000011111111000011111111000011111111
0001011001010001010000110001001000010001000000010001000000010001
0111010000110001001000010001000000010001000000010001000000010001
1001011000110011000000110011000000110011000000110011000000110011
1011001010010111001001010011001000010001000000010001000000010001
0101000001010101000001010101000001010101000001010101000001010101
0011011000110011000000110011000000110011000000110011000000110011
1101110000011011101000011001100000010111011000010101010000010011
1101000111001011000110101001000110000111000101100101000101000011
0011001100000011001100000011001100000011001100000011001100000011
0101010100000101010100000101010100000101010100000101010100000101
1011100100100111010100100011000100100001000100000001000100000001
1001001101100011001100000011001100000011001100000011001100000011
0111001101000001001100100001000100000001000100000001000100000001
0001011101100001010101000001001100100001000100000001000100000001
1111111100001111111100001111111100001111111100001111111100001111
1111000011111111000011111111000011111111000011111111000011111111
0001011001010001010000110001001000010001000000010001000000010001
0111010000110001001000010001000000010001000000010001000000010001
1001011000110011000000110011000000110011000000110011000000110011
1011001010010111001001010011001000010001000000010001000000010001
0101000001010101000001010101000001010101000001010101000001010101
0011011000110011000000110011000000110011000000110011000000110011
1101110000011011101000011001100000010111011000010101010000010011
1101000111001011000110101001000110000111000101100101000101000011
0011001100000011001100000011001100000011001100000011001100000011
0101010100000101010100000101010100000101010100000101010100000101
1011100100100111010100100011000100100001000100000001000100000001
1001001101100011001100000011001100000011001100000011001100000011
0111001101000001001100100001000100000001000100000001000100000001
0001011101100001010101000001001100100001000100000001000100000001
1111111100001111111100001111111100001111111100001111111100001111
1111000011111111000011111111000011111111000011111111000011111111
0001011001010001010000110001001000010001000000010001000000010001
0111010000110001001000010001000000010001000000010001000000010001
1001011000110011000000110011000000110011000000110011000000110011
1011001010010111001001010011001000010001000000010001000000010001
0101000001010101000001010101000001010101000001010101000001010101
0011011000110011000000110011000000110011000000110011000000110011
1101110000011011101000011001100000010111011000010101010000010011
1101000111001011000110101001000110000111000101100101000101000011
0011001100000011001100000011001100000011001100000011001100000011
0101010100000101010100000101010100000101010100000101010100000101
1011100100100111010100100011000100100001000100000001000100000001
1001001101100011001100000011001100000011001100000011001100000011
0111001101000001001100100001000100000001000100000001000100000001
0001011101100001010101000001001100100001000100000001000100000001
1111111100001111111100001111111100001111111100001111111100001111
1111000011111111000011111111000011111111000011111111000011111111
0001011001010001010000110001001000010001000000010001000000010001
0111010000110001001000010001000000010001000000010001000000010001
1001011000110011000000110011000000110011000000110011000000110011
1011001010010111001001010011001000010001000000010001000000010001
0101000001010101000001010101000001010101000001010101000001010101
0011011000110011000000110011000000110011000000110011000000110011
1101110000011011101000011001100000010111011000010101010000010011
1101000111001011000110101001000110000111000101100101000101000011
0011001100000011001100000011001100000011001100000011001100000011
0101010100000101010100000101010100000101010100000101010100000101
1011100100100111010100100011000100100001000100000001000100000001
1001001101100011001100000011001100000011001100000011001100000011
0111001101000001001100100001000100000001000100000001000100000001
0001011101100001010101000001001100100001000100000001000100000001
1111111100001111111100001111111100001111111100001111111100001111
1111000011111111000011111111000011111111000011111111000011111111
0001011001010001010000110001001000010001000000010001000000010001
0111010000110001001000010001000000010001000000010001000000010001
1001011000110011000000110011000000110011000000110011000000110011
1011001010010111001001010011001000010001000000010001000000010001
0101000001010101000001010101000001010101000001010101000001010101
0011011000110011000000110011000000110011000000110011000000110011
1101110000011011101000011001100000010111011000010101010000010011
1101000111001011000110101001000110000111000101100101000101000011
0011001100000011001100000011001100000011001100000011001100000011
0101010100000101010100000101010100000101010100000101010100000101
1011100100100111010100100011000100100001000100000001000100000001
1001001101100011001100000011001100000011001100000011001100000011
0111001101000001001100100001000100000001000100000001000100000001
0001011101100001010101000001001100100001000100000001000100000001
1111111100001111111100001111111100001111111100001111111100001111
1111000011111111000011111111000011111111000011111111000011111111
0001011001010001010000110001001000010001000000010001000000010001
0111010000110001001000010001000000010001000000010001000000010001
1001011000110011000000110011000000110011000000110011000000110011
1011001010010111001001010011001000010001000000010001000000010001
0101000001010101000001010101000001010101000001010101000001010101
0011011000110011000000110011000000110011000000110011000000110011
1101110000011011101000011001100000010111011000010101010000010011
1101000111001011000110101001000110000111000101100101000101000011
0011001100000011001100000011001100000011001100000011001100000011
0101010100000101010100000101010100000101010100000101010100000101
1011100100100111010100100011000100100001000100000001000100000001
1001001101100011001100000011001100000011001100000011001100000011
0111001101000001001100100001000100000001000100000001000100000001
0001011101100001010101000001001100100001000100000001000100000001
1111111100001111111100001111111100001111111100001111111100001111
1111000011111111000011111111000011111111000011111111000011111111
0001011001010001010000110001001000010001000000010001000000010001
0111010000110001001000010001000000010001000000010001000000010001
1001011000110011000000110011000000110011000000110011000000110011
1011001010010111001001010011001000010001000000010001000000010001
0101000001010101000001010101000001010101000001010101000001010101
0011011000110011000000110011000000110011000000110011000000110011
1101110000011011101000011001100000010111011000010101010000010011
1101000111001011000110101001000110000111000101100101000101000011
0011001100000011001100000011001100000011001100000011001100000011
0101010100000101010100000101010100000101010100000101010100000101
1011100100100111010100100011000100100001000100000001000100000001
1001001101100011001100000011001100000011001100000011001100000011
0111001101000001001100100001000100000001000100000001000100000001
0001011101100001010101000001001100100001000100000001000100000001
1111111100001111111100001111111100001111111100001111111100001111
1111000011111111000011111111000011111111000011111111000011111111
0001011001010001010000110001001000010001000000010001000000010001
0111010000110001001000010001000000010001000000010001000000010001
1001011000110011000000110011000000110011000000110011000000110011
1011001010010111001001010011001000010001000000010001000000010001
0101000001010101000001010101000001010101000001010101000001010101
0011011000110011000000110011000000110011000000110011000000110011
1101110000011011101000011001100000010111011000010101010000010011
1101000111001011000110101001000110000111000101100101000101000011
0011001100000011001100000011001100000011001100000011001100000011
0101010100000101010100000101010100000101010100000101010100000101
1011100100100111010100100011000100100001000100000001000100000001
1001001101100011001100000011001100000011001100000011001100000011
0111001101000001001100100001000100000001000100000001000100000001
0001011101100001010101000001001100100001000100000001000100000001
1111111100001111111100001111111100001111111100001111111100001111
1111000011111111000011111111000011111111000011111111000011111111
0001011001010001010000110001001000010001000000010001000000010001
0111010000110001001000010001000000010001000000010001000000010001
1001011000110011000000110011000000110011000000110011000000110011
1011001010010111001001010011001000010001000000010001000000010001
0101000001010101000001010101000001010101000001010101000001010101
0011011000110011000000110011000000110011000000110011000000110011
1101110000011011101000011001100000010111011000010101010000010011
1101000111001011000110101001000110000111000101100101000101000011
0011001100000011001100000011001100000011001100000011001100000011
0101010100000101010100000101010100000101010100000101010100000101
1011100100100111010100100011000100100001000100000001000100000001
1001001101100011001100000011001100000011001100000011001100000011
0111001101000001001100100001000100000001000100000001000100000001
0001011101100001010101000001001100100001000100000001000100000001
1111111100001111111100001111111100001111111100001111111100001111
1111000011111111000011111111000011111111000011111111000011111111
0001011001010001010000110001001000010001000000010001000000010001
0111010000110001001000010001000000010001000000010001000000010001
1001011000110011000000110011000000110011000000110011000000110011
1011001010010111001001010011001000010001000000010001000000010001
0101000001010101000001010101000001010101000001010101000001010101
0011011000110011000000110011000000110011000000110011000000110011
1101110000011011101000011001100000010111011000010101010000010011
1101000111001011000110101001000110000111000101100101000101000011
0011001100000011001100000011001100000011001100000011001100000011
0101010100000101010100000101010100000101010100000101010100000101
1011100100100111010100100011000100100001000100000001000100000001
1001001101100011001100000011001100000011001100000011001100000011
0111001101000001001100100001000100000001000100000001000100000001
0001011101100001010101000001001100100001000100000001000100000001
1111111100001111111100001111111100001111111100001111111100001111
1111000011111111000011111111000011111111000011111111000011111111
0001011001010001010000110001001000010001000000010001000000010001
0111010000110001001000010001000000010001000000010001000000010001
1001011000110011000000110011000000110011000000110011000000110011
1011001010010111001001010011001000010001000000010001000000010001
0101000001010101000001010101000001010101000001010101000001010101
0011011000110011000000110011000000110011000000110011000000110011
1101110000011011101000011001100000010111011000010101010000010011
1101000111001011000110101001000110000111000101100101000101000011
0011001100000011001100000011001100000011001100000011001100000011
0101010100000101010100000101010100000101010100000101010100000101
1011100100100111010100100011000100100001000100000001000100000001
1001001101100011001100000011001100000011001100000011001100000011
0111001101000001001100100001000100000001000100000001000100000001
0001011101100001010101000001001100100001000100000001000100000001
1111111100001111111100001111111100001111111100001111111100001111
1111000011111111000011111111000011111111000011111111000011111111
0001011001010001010000110001001000010001000000010001000000010001
0111010000110001001000010001000000010001000000010001000000010001
1001011000110011000000110011000000110011000000110011000000110011
1011001010010111001001010011001000010001000000010001000000010001
0101000001010101000001010101000001010101000001010101000001010101
0011011000110011000000110011000000110011000000110011000000110011
1101110000011011101000011001100000010111011000010101010000010011
1101000111001011000110101001000110000111000101100101000101000011
0011001100000011001100000011001100000011001100000011001100000011
0101010100000101010100000101010100000101010100000101010100000101
1011100100100111010100100011000100100001000100000001000100000001
1001001101100011001100000011001100000011001100000011001100000011
0111001101000001001100100001000100000001000100000001000100000001
0001011101100001010101000001001100100001000100000001000100000001
1111111100001111111100001111111100001111111100001111111100001111
1111000011111111000011111111000011111111000011111111000011111111
0001011001010001010000110001001000010001000000010001000000010001
0111010000110001001000010001000000010001000000010001000000010001
1001011000110011000000110011000000110011000000110011000000110011
1011001010010111001001010011001000010001000000010001000000010001
0101000001010101000001010101000001010101000001010101000001010101
0011011000110011000000110011000000110011000000110011000000110011
1101110000011011101000011001100000010111011000010101010000010011
1101000111001011000110101001000110000111000101100101000101000011
0011001100000011001100000011001100000011001100000011001100000011
0101010100000101010100000101010100000101010100000101010100000101
1011100100100111010100100011000100100001000100000001000100000001
1001001101100011001100000011001100000011001100000011001100000011
0111001101000001001100100001000100000001000100000001000100000001
0001011101100001010101000001001100100001000100000001000100000001
1111111100001111111100001111111100001111111100001111111100001111
1111000011111111000011111111000011111111000011111111000011111111
0001011001010001010000110001001000010001000000010001000000010001
0111010000110001001000010001000000010001000000010001000000010001
1001011000110011000000110011000000110011000000110011000000110011
1011001010010111001001010011001000010001000000010001000000010001
0101000001010101000001010101000001010101000001010101000001010101
0011011000110011000000110011000000110011000000110011000000110011
1101110000011011101000011001100000010111011000010101010000010011
1101000111001011000110101001000110000111000101100101000101000011
0011001100000011001100000011001100000011001100000011001100000011
0101010100000101010100000101010100000101010100000101010100000101
1011100100100111010100100011000100100001000100000001000100000001
1001001101100011001100000011001100000011001100000011001100000011
0111001101000001001100100001000100000001000100000001000100000001
0001011101100001010101000001001100100001000100000001000100000001
1111111100001111111100001111111100001111111100001111111100001111

Init For Labrynthia :

(A lot of zeros surrounding 111)
\           /
  0 0 0 0 0
  0 1 1 1 0
  0 0 0 0 0
/           \


Stratified Pseu-Transpose For Combinatoric Referencing:

00000000000000000000000000000000000000000000000000000000
00000000000000000000000000000000000000000000000000000000
00111111111111111111111111111111111111111111111111111100
00111111111111111111111111111111111111111111111111111100
00110000000000000000000000000000000000000000000000001100
00110111111111111111111111111111111111111111111111101100
00110111111111111111111111111111111111111111111111101100
00110110000000000000000000000000000000000000000001101100
00110110000000000000000000000000000000000000000001101100
00110110011111111111111111111111111111111111111001101100
00110110011111111111111111111111111111111111111001101100
00110110011000000000000000000000000000000000011001101100
00110110011011111111111111111111111111111111011001101100
00110110011011111111111111111111111111111111011001101100
00110110011011000000000000000000000000000011011001101100
00110110011011000000000000000000000000000011011001101100
00110110011011001111111111111111111111110011011001101100
00110110011011001111111111111111111111110011011001101100
00110110011011001100000000000000000000110011011001101100
00110110011011001101111111111111111110110011011001101100
00110110011011001101111111111111111110110011011001101100
00110110011011001101100000000000000110110011011001101100
00110110011011001101100000000000000110110011011001101100
00110110011011001101100000000000000110110011011001101100
00110110011011001101100000011011000110110011011001101100
00110110011011001101100000110110000110110011011001101100
00110110011011001101100001101100000110110011011001101100
00110110011011001101100011011000000110110011011001101100
00110110011011001101100010110001000110110011011001101100
00110110011011001101100001100011000110110011011001101100
00110110011011001101100011000110000110110011011001101100
00110110011011001101100010001101000110110011011001101100
00110110011011001101100000000000000110110011011001101100
00110110011011001101100000000000000110110011011001101100
00110110011011001101100000000000000110110011011001101100
00110110011011001101111111111111111110110011011001101100
00110110011011001101111111111111111110110011011001101100
00110110011011001100000000000000000000110011011001101100
00110110011011001111111111111111111111110011011001101100
00110110011011001111111111111111111111110011011001101100
00110110011011000000000000000000000000000011011001101100
00110110011011000000000000000000000000000011011001101100
00110110011011111111111111111111111111111111011001101100
00110110011011111111111111111111111111111111011001101100
00110110011000000000000000000000000000000000011001101100
00110110011111111111111111111111111111111111111001101100
00110110011111111111111111111111111111111111111001101100
00110110000000000000000000000000000000000000000001101100
00110110000000000000000000000000000000000000000001101100
00110111111111111111111111111111111111111111111111101100
00110111111111111111111111111111111111111111111111101100
00110000000000000000000000000000000000000000000000001100
00111111111111111111111111111111111111111111111111111100
00111111111111111111111111111111111111111111111111111100
00000000000000000000000000000000000000000000000000000000
00000000000000000000000000000000000000000000000000000000
